281
281
281
281
281
281
281
281
280
280
280
280
280
280
280
280
280
280
280
280
280
280
280
280
280
280
280
280
280
280
280
280
280
280
279
279
279
279
279
279
279
279
279
279
279
279
279
279
279
279
279
279
279
279
279
279
278
278
278
278
278
278
278
278
278
278
278
278
278
278
278
278
277
277
277
277
277
277
277
277
277
277
277
277
277
277
276
276
276
276
276
276
276
276
276
276
276
276
275
275
275
275
275
275
275
275
275
275
275
274
274
274
274
274
274
274
274
274
274
274
273
273
273
273
273
273
273
273
273
273
273
272
272
272
272
272
272
272
272
272
272
271
271
271
271
271
271
271
271
271
271
271
270
270
270
270
270
270
270
270
270
270
269
269
269
269
269
269
269
269
269
269
268
268
268
268
268
268
268
268
268
268
268
267
267
267
267
267
267
267
267
267
267
267
267
266
266
266
266
266
266
